78999.997640 59999.998484 118999.996630 92000.002041 76999.996963 75999.996625 76999.996963 66000.000515 
171000.006958 157999.995281 73000.002885 89000.001026 88000.000687 36000.001273 74000.003224 23000.000510 
163999.997312 62999.999500 60999.998823 72000.002547 77999.997302 58000.001445 75000.003562 14000.000192 
207999.997656 169000.006281 205999.996979 91000.001703 484999.996843 96000.003396 127000.006614 67000.000854 
167000.005604 174999.993760 77999.997302 91000.001703 222999.995458 86000.000010 97999.996797 113000.001875 
186000.004760 59999.998484 59999.998484 90000.001364 83999.999333 93000.002380 125000.005937 58000.001445 
190999.999177 120999.997307 182000.003406 97999.996797 224999.996135 87000.000349 80999.998318 27000.000046 
188999.998500 60999.998823 75999.996625 88000.000687 127999.999677 46000.001021 61999.999161 127999.999677 
163999.997312 75999.996625 71000.002208 91000.001703 54000.000091 39999.998990 61999.999161 15999.999960 
171000.006958 169000.006281 182000.003406 89000.001026 254000.013229 80999.998318 76999.996963 41999.999667 
174999.993760 62999.999500 76999.996963 89000.001026 211999.999010 29000.000723 72000.002547 17000.000298 
174000.000698 70000.001870 71000.002208 88000.000687 180000.002729 51999.999414 78999.997640 14999.999621 
144999.998156 153999.993927 50999.999075 113000.001875 151999.993250 48999.998398 91000.001703 36000.001273 
163999.997312 60999.998823 59000.001784 95000.003057 192000.006791 59000.001784 110000.000859 27000.000046 
188000.005437 61999.999161 74000.003224 108000.000182 169000.006281 62999.999500 81999.998656 18999.999156 
4999.999874 12000.000424 9000.000318 4999.999874 9999.999747 7999.999980 19999.999495 18999.999156 
92000.002041 68000.001193 4455999.936908 75999.996625 3654999.891296 125999.999000 855999.998748 1809000.037611 
398000.003770 2582000.102848 3898999.886587 2948000.095785 3428000.025451 615999.975707 3676000.051200 89000.001026 
3000.000106 3000.000106 3000.000106 3000.000106 6000.000212 4999.999874 31999.999919 4999.999874 
30999.999581 3999.999990 87000.000349 3999.999990 1913000.014611 15999.999960 7000.000096 3368000.034243 
113000.001875 151999.993250 174999.993760 182000.003406 151999.993250 161999.996635 109000.000521 30999.999581 
3000.000106 3999.999990 7999.999980 18000.000637 176999.994437 320999.999531 553000.019863 530000.019353 
3999.999990 3999.999990 7999.999980 18000.000637 1118000.014685 338000.012562 556999.992114 4459999.967366 
112000.001536 151000.000187 213000.006624 207999.997656 652000.016998 829000.025988 1456000.027247 1260000.048205 
1999.999995 1999.999995 3000.000106 1999.999995 3999.999990 3999.999990 3999.999990 1999.999995 
3000.000106 3000.000106 3000.000106 3000.000106 323999.993270 3999.999990 3999.999990 7892999.798059 
112000.001536 132000.001031 114000.002213 159999.995958 138000.003062 120999.997307 111000.001198 24000.000849 
